# Pearson and Lee (1903) On the laws of inheritance in man.
#     I. Inheritance of physical characters. Biometrika 2(4):357-462
# Table 8: father's stature and mother's stature
#   cols: father_stature
#   rows: mother_stature
      58    59    60    61    62    63    64    65    66    67    68    69    70    71    72    73    74    75
 52  0.00  0.00  0.00  0.00  0.00  0.00  0.00  1.00  0.50  0.00  0.00  0.00  0.00  0.00  0.00  0.00  0.00  0.00
 53  0.00  0.00  0.00  0.00  0.00  0.00  0.00  0.00  0.50  0.00  0.00  0.00  0.00  0.00  0.00  0.00  0.00  0.00
 54  0.00  0.00  0.00  0.00  0.00  0.00  0.00  0.25  0.25  0.00  0.50  0.00  0.00  0.00  0.00  0.00  0.00  0.00
 55  0.00  0.00  0.00  0.50  1.00  0.00  0.00  0.25  0.25  0.00  0.50  0.00  0.00  0.00  0.00  0.00  0.00  0.00
 56  0.00  0.00  0.00  0.00  0.75  1.25  0.00  1.00  1.75  1.75  0.00  0.00  0.00  0.00  0.00  0.00  0.00  0.00
 57  0.00  0.00  0.00  0.25  1.00  1.25  1.50  4.00  3.25  2.50  3.00  1.25  0.50  0.00  0.00  0.00  0.00  0.00
 58  0.00  0.25  0.75  1.25  1.25  2.75  4.00  7.00  5.75  4.50  3.75  1.25  2.00  0.00  0.00  0.00  0.00  0.00
 59  0.00  1.25  1.25  1.00  4.00  4.50  7.75 10.00 15.00 16.75  9.00  5.50  3.25  1.25  1.00  0.50  0.00  0.00
 60  0.25  0.25  0.50  2.00  4.25  4.50 18.00 16.00 24.00 14.75 23.25 12.75  7.25  5.75  4.25  0.75  0.00  0.00
 61  0.25  0.25  0.00  0.00  8.00  8.25 15.00 17.25 25.00 20.75 24.00 14.25 14.25 10.00  4.00  0.75  0.50  0.50
 62  0.00  0.50  0.50  1.25  4.75  7.75 10.00 26.00 21.25 28.00 28.00 23.00 14.25 10.75  4.50  2.00  1.00  0.50
 63  0.00  0.00  0.25  2.00  3.50  4.50  9.00 21.00 15.75 20.75 19.50 24.00 22.50 10.75  4.00  2.25  2.25  1.50
 64  0.00  0.00  1.25  0.75  2.00  6.00  6.50  9.75 16.00 18.25 23.00 16.75 13.75  6.75  4.75  2.25  0.25  0.00
 65  0.00  0.00  0.00  0.25  1.50  1.50  3.25  5.50  9.75  7.00 15.50 12.75 10.50  6.25  4.25  1.75  0.25  0.00
 66  0.00  0.00  0.00  0.25  1.00  0.75  0.50  3.50  5.00  3.00  7.25  7.75  7.00  3.50  2.75  1.50  0.25  0.00
 67  0.00  0.00  0.00  0.00  0.00  0.00  0.00  1.00  2.50  1.50  2.75  3.25  2.75  1.50  1.00  0.50  0.25  0.00
 68  0.00  0.00  0.00  0.00  0.00  0.00  0.00  0.00  0.00  1.00  2.50  1.25  1.25  0.50  1.00  0.25  0.25  0.00
 69  0.00  0.00  0.00  0.00  0.00  0.00  0.00  0.00  0.00  0.00  0.00  0.25  2.25  0.00  2.00  0.00  0.00  0.00
 70  0.00  0.00  0.00  0.00  0.00  0.00  0.00  0.00  0.00  0.00  0.00  0.00  1.00  0.00  0.50  0.00  0.00  0.00
