# Pearson and Lee (1906) On the laws of inheritance in man.  
#     I. Inheritance of physical characters. Biometrika 2(4):357-462
# Table 25: father's stature and daughter's stature
      58    59    60    61    62    63    64    65    66    67    68    69    70    71    72    73    74    75
 52  0.00  0.00  0.00  0.00  0.25  0.25  0.00  0.00  0.00  0.00  0.00  0.00  0.00  0.00  0.00  0.00  0.00  0.00
 53  0.00  0.00  0.00  0.00  0.25  0.25  0.00  0.00  0.00  0.00  0.00  0.00  0.00  0.00  0.00  0.00  0.00  0.00
 54  0.00  0.00  0.00  0.00  0.00  0.00  0.00  0.00  0.00  0.00  0.00  0.00  0.00  0.00  0.00  0.00  0.00  0.00
 55  0.00  0.00  0.00  0.00  0.00  0.00  0.00  1.00  0.00  0.00  0.00  0.00  0.00  0.00  0.00  0.00  0.00  0.00
 56  0.25  0.25  0.00  0.25  1.25  0.50  0.00  1.00  0.50  0.50  0.00  0.00  0.00  0.00  0.00  0.00  0.00  0.00
 57  0.25  0.25  0.50  1.50  4.50  1.00  1.50  1.50  2.50  0.00  0.50  0.50  0.00  0.00  0.00  0.00  0.00  0.00
 58  0.25  0.75  0.50  0.75  0.75  1.00  1.75  1.25  5.00  2.75  0.50  0.25  0.00  0.00  0.00  0.00  0.00  0.00
 59  0.50  1.00  2.00  0.00  6.00  4.75  5.00  6.25 11.75  3.50  3.50  2.00  1.75  0.50  0.00  0.00  0.00  0.00
 60  0.75  0.75  0.00  2.50  8.00  6.25 12.50 18.25 20.25 11.00  9.00  4.75  2.50  1.25  1.25  0.00  0.00  0.00
 61  0.00  0.50  1.75  2.00  9.75 11.50 13.00 23.75 23.75 20.25 16.50 10.25  4.25  3.00  1.25  0.00  0.00  0.00
 62  0.00  1.00  2.25  2.00  4.50 12.00 22.75 26.00 33.00 28.25 24.75 14.25 13.75  4.75  0.75  0.50  0.00  0.00
 63  0.00  0.00  0.25  2.00  6.00  8.25 11.00 27.25 35.75 37.25 31.50 26.25 16.25  7.75  1.50  0.75  0.25  0.00
 64  0.00  0.00  0.25  2.50  1.75  3.25  9.25 23.00 18.75 28.50 33.00 34.25 24.50 11.75  5.50  1.00  0.25  1.00
 65  0.00  0.00  0.00  0.50  1.00  0.50 11.00 12.25  9.25 19.75 30.00 26.50 22.25 15.00  4.75  3.75  2.00  1.00
 66  0.00  0.00  0.00  0.50  0.50  1.50  3.25  7.25  8.75 16.00 26.25 26.75 20.50 18.50  7.75  4.25  0.25  0.50
 67  0.00  0.00  0.00  0.00  0.00  0.00  1.00  5.75  7.00  4.00 14.25 13.25 12.00 11.25  4.50  3.75  0.75  0.00
 68  0.00  0.00  0.00  0.00  0.25  0.25  0.25  0.25  1.50  3.00  5.50  4.25  5.75  5.25  3.75  2.50  1.50  2.00
 69  0.00  0.00  0.00  0.00  0.25  0.25  0.25  0.25  0.25  0.25  1.00  2.50  6.50  2.25  2.75  2.00  1.00  0.00 
 70  0.00  0.00  0.00  0.00  0.00  0.00  0.00  0.00  0.00  0.00  1.75  0.25  4.50  0.75  1.25  0.75  0.25  0.00
 71  0.00  0.00  0.00  0.00  0.00  0.00  0.00  0.00  0.00  0.00  0.50  0.00  0.50  0.50  1.50  0.75  0.25  0.00
 72  0.00  0.00  0.00  0.00  0.00  0.00  0.00  0.00  0.00  0.00  1.00  0.00  0.00  0.00  0.00  0.00  0.00  0.00
