# Pearson and Lee (1903) On the laws of inheritance in man.
#     I. Inheritance of physical characters. Biometrika 2(4):357-462
# Table 2: mother's stature and son's stature
#   cols: mother_stature
#   rows: son_stature
      52    53    54    55    56    57    58    59    60    61    62    63    64    65    66    67    68    69    70
 59  0.00  0.00  0.00  0.00  0.00  0.00  0.00  0.25  0.25  0.25  0.25  0.00  0.00  0.00  0.00  0.00  0.00  0.00  0.00
 60  0.00  0.00  0.00  0.00  0.00  0.00  0.00  0.75  0.25  0.25  0.25  0.00  0.00  0.00  0.00  0.00  0.00  0.00  0.00
 61  0.00  0.00  0.00  0.00  0.00  0.00  1.00  0.50  0.00  0.00  0.00  0.00  0.00  0.00  0.00  0.00  0.00  0.00  0.00
 62  0.00  0.00  0.00  0.00  0.00  0.00  0.00  3.50  1.50  2.00  0.50  0.00  0.00  0.50  0.00  0.00  0.00  0.00  0.00
 63  0.50  0.50  0.00  0.00  0.25  1.25  2.50  6.75  9.00  5.00  3.75  0.00  0.00  0.50  0.00  0.00  0.00  0.00  0.00
 64  0.00  0.00  0.25  0.25  1.00  3.25  5.75 13.00  7.75  7.00  6.75  1.25  1.75  0.00  1.00  0.00  0.00  0.00  0.00
 65  0.00  0.00  0.50  1.00  3.75  5.50  4.50  9.00 14.25 18.25  7.25  6.75  1.75  0.00  1.25  0.25  0.00  0.00  0.00
 66  0.00  0.00  0.25  0.75  1.75  2.75  8.50 15.00 19.50 20.00 22.25 10.00  7.75  2.00  2.75  0.75  0.50  0.00  0.00
 67  0.00  0.00  0.00  0.00  0.25  4.25  5.00 11.25 27.25 31.00 36.00 27.00 12.75  4.00  2.25  1.50  0.50  0.00  0.00
 68  0.00  0.00  0.00  0.00  0.00  0.00  6.75 12.25 27.50 27.25 31.50 26.75 23.25 12.75  5.00  1.75  0.75  0.00  0.00
 69  0.00  0.00  0.00  0.00  0.00  2.00  0.00  6.00 15.25 17.00 23.25 20.50 20.00 13.25  4.50  1.00  0.75  0.50  0.00
 70  0.00  0.00  0.00  0.00  0.00  1.00  0.50  2.75  9.50 22.00 21.50 23.50 15.75 14.25  7.50  2.75  0.50  0.50  0.00
 71  0.00  0.00  0.00  0.00  0.00  0.00  0.50  1.00  2.75 10.25 13.50 16.00 13.25 12.75  6.00  1.00  1.00  0.00  0.00
 72  0.00  0.00  0.00  0.00  0.00  0.00  0.50  1.00  5.00  4.25  6.00 11.00  7.50  4.00  4.75  2.50  1.00  0.00  0.00
 73  0.00  0.00  0.00  0.00  0.00  0.00  0.00  0.00  1.25  4.00  6.75  6.25  3.75  7.00  1.50  1.75  1.25  1.50  1.00
 74  0.00  0.00  0.00  0.00  0.00  0.00  0.00  0.00  0.00  2.50  2.50  2.50  1.00  3.00  2.00  0.75  1.25  1.50  0.00
 75  0.00  0.00  0.00  0.00  0.00  0.00  0.00  0.00  0.00  0.50  0.00  0.50  0.00  1.00  1.50  1.00  1.50  0.00  0.50
 76  0.00  0.00  0.00  0.00  0.00  0.00  0.00  0.00  0.00  0.00  0.00  1.00  0.00  1.00  0.75  0.25  0.00  0.00  0.50
 77  0.00  0.00  0.00  0.00  0.00  0.00  0.00  0.00  0.00  0.50  0.00  0.00  0.00  0.00  0.25  0.75  0.00  0.00  0.00
 78  0.00  0.00  0.00  0.00  0.00  0.00  0.00  0.00  0.00  0.50  0.00  0.00  0.00  0.50  0.50  0.50  0.00  0.00  0.00
 79  0.00  0.00  0.00  0.00  0.00  0.00  0.00  0.00  0.00  0.00  0.00  0.00  0.00  0.00  0.00  1.00  0.00  0.00  0.00
