# Pearson and Lee (1906) On the laws of inheritance in man.  
#     I. Inheritance of physical characters. Biometrika 2(4):357-462
# Table 1: father's stature and father's span
      58    59    60    61    62    63    64    65    66    67    68    69    70    71    72    73    74    75
 59  0.25  0.25  0.50  0.00  0.00  0.00  0.00  0.50  0.50  0.00  0.00  0.00  0.00  0.00  0.00  0.00  0.00  0.00
 60  0.25  1.00  1.75  1.00  0.50  0.75  0.25  0.50  0.50  0.00  0.00  0.00  0.00  0.00  0.00  0.00  0.00  0.00
 61  0.00  0.75  0.50  2.00  2.50  2.00  1.25  1.25  0.25  0.00  0.00  0.00  0.00  0.00  0.00  0.00  0.00  0.00
 62  0.00  0.00  0.25  2.00  5.25  3.50  1.00  3.75  0.75  0.00  0.00  0.00  0.00  0.00  0.00  0.00  0.00  0.00
 63  0.00  0.25  0.25  1.00  5.00  7.00  7.00  4.00  2.75  0.25  0.50  0.00  0.00  0.00  0.00  0.00  0.00  0.00
 64  0.00  0.25  0.75  1.25  9.75 12.50 13.25 16.00  5.75  2.00  1.50  0.00  0.50  0.00  0.00  0.00  0.00  0.00
 65  0.00  0.00  0.50  0.50  4.00  5.75 15.50 20.00 12.75  6.25  2.00  2.50  1.25  0.00  0.00  0.00  0.00  0.00
 66  0.00  0.00  0.00  0.50  3.00  4.00 15.75 24.75 35.75 16.75 10.25  1.75  1.50  0.00  0.00  0.00  0.00  0.00
 67  0.00  0.00  0.00  0.25  1.75  2.75 10.25 20.25 31.00 27.50 21.25 10.50  2.75  1.25  0.00  0.00  0.00  0.00
 68  0.00  0.00  0.00  0.00  0.50  2.50  5.75 18.25 27.00 29.00 31.75 14.25  7.00  1.50  0.00  0.50  0.50  0.00
 69  0.00  0.00  0.00  0.00  0.25  1.25  0.75  7.00 12.25 25.00 38.25 23.00 15.75  3.00  0.00  0.00  0.00  0.00
 70  0.00  0.00  0.00  0.00  0.00  0.50  0.25  4.00  7.50 21.25 24.50 24.00 15.25  8.50  3.25  0.00  0.00  0.00
 71  0.00  0.00  0.00  0.00  0.00  0.00  0.25  1.50  4.25  4.25 13.75 16.25 19.50 13.50  6.25  0.50  0.00  0.00
 72  0.00  0.00  0.00  0.00  0.00  0.00  0.25  0.50  1.00  2.00  6.75 15.75 19.50 12.75  6.75  1.75  0.00  0.00
 73  0.00  0.00  0.00  0.00  0.00  0.00  0.00  0.25  0.50  1.25  4.00  7.00  8.00  6.75  4.25  3.50  2.00  0.50
 74  0.00  0.00  0.00  0.00  0.00  0.00  0.00  0.00  0.00  0.00  0.00  3.50  7.00  3.75  5.50  2.25  0.00  0.50
 75  0.00  0.00  0.00  0.00  0.00  0.00  0.00  0.00  0.00  0.00  0.00  0.00  2.50  4.00  4.50  3.00  1.00  1.50
 76  0.00  0.00  0.00  0.00  0.00  0.00  0.00  0.00  0.00  0.50  0.00  0.00  1.50  0.50  1.00  0.75  1.25  0.50
 77  0.00  0.00  0.00  0.00  0.00  0.00  0.00  0.00  0.00  0.50  0.00  0.00  0.50  0.00  0.00  0.25  0.25  0.00
 78  0.00  0.00  0.00  0.00  0.00  0.00  0.00  0.00  0.00  0.00  0.00  0.00  0.00  1.00  1.00  0.00  0.00  0.00 
 79  0.00  0.00  0.00  0.00  0.00  0.00  0.00  0.00  0.00  0.00  0.00  0.00  0.00  0.00  0.00  0.00  0.00  0.00 
 80  0.00  0.00  0.00  0.00  0.00  0.00  0.00  0.00  0.00  0.00  0.00  0.00  0.00  0.00  0.50  0.50  0.00  0.00 
