# Pearson and Lee (1906) On the laws of inheritance in man.
#     I. Inheritance of physical characters. Biometrika 2(4):357-462
# Table 22: father's stature and son's stature
#   cols: father_stature
#   rows: son_stature
       59    60    61    62    63    64    65    66    67    68    69    70    71    72    73    74    75
60   0.00  0.00  0.00  0.00  0.50  0.50  1.00  0.00  0.00  0.00  0.00  0.00  0.00  0.00  0.00  0.00  0.00
61   0.00  0.00  0.00  0.00  0.50  0.00  0.00  0.00  1.00  0.00  0.00  0.00  0.00  0.00  0.00  0.00  0.00
62   0.00  0.25  0.25  0.00  0.50  1.00  0.25  0.25  0.50  0.50  0.00  0.00  0.00  0.00  0.00  0.00  0.00
63   0.00  0.25  0.25  2.25  2.25  2.00  4.00  5.00  2.75  1.25  0.00  0.25  0.25  0.00  0.00  0.00  0.00
64   1.00  0.00  1.50  3.75  3.00  4.25  8.00  9.25  3.00  1.25  1.50  0.75  1.25  0.00  0.00  0.00  0.00
65   2.00  1.00  0.50  2.00  3.25  9.50 13.50 10.75  7.50  5.50  3.50  2.50  0.00  0.00  0.00  0.00  0.00
66   0.00  0.50  1.00  2.25  5.25  9.50 10.00 16.75 17.50 16.00  5.25  2.00  2.50  1.00  0.00  0.00  0.00
67   0.00  1.50  2.00  4.75  3.50 13.75 19.75 26.50 25.75 19.50 12.50 13.75  3.25  0.5   1.00  0.00  0.00
68   0.00  0.00  1.50  2.00  7.50 10.00 10.25 24.25 31.50 23.50 29.50 13.25  8.50  9.50  2.25  0.00  0.00
69   0.00  0.00  1.00  0.00  5.25  5.00 12.75 18.25 16.00 24.00 29.00 21.50 10.00  3.50  2.25  0.00  1.00
70   0.00  0.00  0.00  0.00  1.00  2.50  5.75 18.75 11.75 19.50 22.50 19.50 14.50  6.25  3.50  1.50  1.00
71   0.00  0.00  0.00  0.00  0.00  3.25  5.00  8.75 10.75 19.00 14.75 20.75 10.75  8.00  5.00  1.00  1.00
72   0.00  0.00  0.00  0.00  0.00  0.25  3.00  1.25  7.00  7.75 10.75 11.25 10.00  8.50  2.75  0.50  0.00
73   0.00  0.00  0.00  0.00  0.00  0.00  0.75  0.75  2.50  7.50  6.50  6.00  7.50  6.25  3.25  0.50  0.50
74   0.00  0.00  0.00  0.00  1.00  0.00  1.50  1.50  0.00  5.25  2.25  2.50  6.50  3.25  3.25  0.00  2.00
75   0.00  0.00  0.00  0.00  0.00  0.00  0.00  0.00  0.00  1.00  2.00  0.00  2.50  0.75  1.75  0.50  0.00
76   0.00  0.00  0.00  0.00  0.00  0.00  0.00  0.00  0.00  1.25  0.25  0.00  0.50  1.00  1.00  0.00  0.00
77   0.00  0.00  0.00  0.00  0.00  0.00  0.00  0.00  0.00  1.25  0.25  1.00  0.00  0.00  1.50  0.00  0.00
78   0.00  0.00  0.00  0.00  0.00  0.00  0.00  0.00  0.00  0.00  1.00  1.00  0.00  0.25  0.75  0.00  0.00
79   0.00  0.00  0.00  0.00  0.00  0.00  0.00  0.00  0.00  0.00  0.00  0.00  0.00  0.25  0.25  0.00  0.00
