# Pearson and Lee (1903) On the laws of inheritance in man.
#     I. Inheritance of physical characters. Biometrika 2(4):357-462
# Table 2: mother's stature and mother's span
#   cols: mother_stature
#   rows: mother_span
      52    53    54    55    56    57    58    59    60    61    62    63    64    65    66    67    68    69    70
 52  1.00  0.00  0.00  0.00  0.00  0.00  0.00  0.00  0.00  0.00  0.00  0.00  0.00  0.00  0.00  0.00  0.00  0.00  0.00
 53  0.00  0.00  0.00  0.00  0.00  0.25  0.75  0.50  0.00  0.00  0.00  0.00  0.00  0.00  0.00  0.00  0.00  0.00  0.00
 54  0.00  0.00  0.00  0.25  0.25  0.75  0.75  0.00  0.50  0.00  0.00  0.00  0.00  0.00  0.00  0.00  0.00  0.00  0.00
 55  0.50  0.50  0.00  0.75  1.50  2.50  2.25  1.25  1.25  1.00  0.00  0.00  0.00  0.00  0.00  0.00  0.00  0.00  0.00
 56  0.00  0.00  0.50  0.50  1.75  5.00  4.75  8.25  2.75  1.50  1.25  0.25  0.00  0.00  0.00  0.00  0.00  0.00  0.00
 57  0.00  0.00  0.50  0.50  1.50  6.25  6.50  8.75  9.00  4.00  2.50  0.50  0.00  0.00  0.00  0.00  0.00  0.00  0.00
 58  0.00  0.00  0.00  0.00  0.50  1.25  6.25 18.25 20.25 13.25  7.75  2.25  0.25  1.00  0.00  0.00  0.00  0.00  0.00
 59  0.00  0.00  0.00  0.00  1.00  1.75  9.00 15.75 35.25 33.50 15.25  9.25  1.25  0.25  0.25  1.00  0.00  0.00  0.00
 60  0.00  0.00  0.00  0.00  0.00  0.25  2.50 16.00 35.00 35.75 29.50 12.50  2.75  1.00  1.75  1.00  0.00  0.00  0.00
 61  0.00  0.00  0.00  0.00  0.00  0.00  0.75  5.25 19.50 34.75 42.00 28.25 10.00  5.75  2.75  0.00  0.00  0.00  0.00
 62  0.00  0.00  0.00  0.00  0.00  0.00  0.75  3.25  6.00 22.00 42.50 40.00 23.75  6.75  3.00  0.50  0.00  0.00  0.00
 63  0.00  0.00  0.00  0.00  0.00  0.00  0.25  1.25  2.75 10.75 24.25 34.50 30.00 14.25  3.00  0.50  0.00  0.00  0.00
 64  0.00  0.00  0.00  0.00  0.00  0.00  0.00  0.50  1.50  3.50 11.25 23.25 24.25 19.00  6.50  1.75  0.00  0.00  0.00
 65  0.00  0.00  0.00  0.00  0.00  0.00  0.00  0.50  0.75  1.00  5.25  8.75 10.50 15.50 14.50  2.50  0.25  0.00  0.00
 66  0.00  0.00  0.00  0.00  0.00  0.00  0.00  0.00  0.75  0.75  0.50  1.50  7.00  6.75  5.00  3.00  1.25  0.00  0.00
 67  0.00  0.00  0.00  0.00  0.00  0.00  0.00  0.00  0.25  0.25  0.00  1.00  2.50  4.00  3.50  2.50  2.00  0.00  0.00
 68  0.00  0.00  0.00  0.00  0.00  0.00  0.00  0.00  0.00  0.50  0.50  1.00  1.00  1.50  0.75  1.75  2.00  2.50  0.00
 69  0.00  0.00  0.00  0.00  0.00  0.00  0.00  0.00  0.00  0.50  0.50  0.00  0.75  2.25  0.00  1.25  1.75  1.00  0.50
 70  0.00  0.00  0.00  0.00  0.00  0.00  0.00  0.00  0.00  0.00  0.00  0.00  0.25  0.25  0.00  0.25  0.25  1.00  1.50
 71  0.00  0.00  0.00  0.00  0.00  0.00  0.00  0.00  0.00  0.00  0.00  0.00  0.25  0.25  0.00  0.00  0.00  0.00  0.00
