# Pearson and Lee (1903) On the laws of inheritance in man.
#     I. Inheritance of physical characters. Biometrika 2(4):357-462
# Table 2: mother's stature and daughter's stature
#   cols: mother_stature
#   rows: daughter_stature
      52    53    54    55    56    57    58    59    60    61    62    63    64    65    66    67    68    69    70
 52  0.00  0.00  0.00  0.00  0.00  0.00  0.00  0.50  0.00  0.00  0.00  0.00  0.00  0.00  0.00  0.00  0.00  0.00  0.00
 53  0.00  0.00  0.00  0.00  0.00  0.00  0.00  0.50  0.00  0.00  0.00  0.00  0.00  0.00  0.00  0.00  0.00  0.00  0.00
 54  0.00  0.00  0.00  0.00  0.00  0.00  0.00  0.00  0.00  0.00  0.00  0.00  0.00  0.00  0.00  0.00  0.00  0.00  0.00
 55  0.00  0.00  0.00  0.00  0.00  0.00  0.00  1.00  0.00  0.00  0.00  0.00  0.00  0.00  0.00  0.00  0.00  0.00  0.00
 56  0.00  0.00  0.00  0.00  0.00  0.00  1.00  0.25  1.50  1.25  0.25  0.25  0.00  0.00  0.00  0.00  0.00  0.00  0.00
 57  0.00  0.00  0.00  1.50  1.25  1.50  1.25  1.50  3.25  1.25  1.25  0.75  1.00  0.00  0.00  0.00  0.00  0.00  0.00
 58  0.00  0.00  0.00  0.50  2.25  1.50  2.25  4.75  2.50  0.25  0.50  0.00  0.00  0.25  0.75  0.00  0.00  0.00  0.00
 59  0.00  0.00  0.00  0.00  0.00  3.50  5.75 12.00 11.25  9.25  3.00  1.50  0.75  0.25  1.25  0.00  0.00  0.00  0.00
 60  0.25  0.25  0.00  0.00  2.75  4.75  9.25 15.00 19.50 15.75 17.00  7.75  3.25  1.75  1.50  0.25  1.00  0.00  0.00
 61  0.25  0.25  0.25  0.25  0.75  2.00  8.00 18.50 18.25 34.00 27.25 15.00  8.75  6.00  3.25  0.25  0.00  0.00  0.00
 62  0.50  0.00  0.25  0.25  0.25  4.00 11.50 19.75 33.25 34.75 34.75 24.00 12.75 10.25  2.75  1.00  0.50  0.00  0.00
 63  0.50  0.00  0.00  0.00  0.75  3.75  6.25 17.50 29.00 41.50 46.50 33.50 18.25 10.25  3.75  0.50  0.50  0.00  0.00
 64  0.00  0.00  0.00  0.00  0.00  2.50  4.00  6.25 23.75 32.00 38.50 40.00 27.75 18.75  3.50  1.50  0.50  0.00  0.00
 65  0.00  0.00  0.00  0.00  0.00  0.25  1.00  5.75 10.50 18.00 27.50 35.00 26.00 16.50 12.25  3.25  0.00  0.00  0.50
 66  0.00  0.00  0.00  0.00  0.00  0.25  1.25  3.25 10.25 14.75 23.00 29.25 21.75 16.25 15.75  2.75  2.00  0.50  0.50
 67  0.00  0.00  0.00  0.00  0.00  0.00  0.00  1.50  5.50  7.75  7.75 15.00 14.25 11.25  8.25  5.00  1.25  0.50  1.00
 68  0.00  0.00  0.00  0.00  0.00  0.00  0.00  0.50  0.00  1.50  5.75  6.50  4.75  5.75  3.25  4.75  1.25  1.00  0.00
 69  0.00  0.00  0.00  0.00  0.00  0.00  0.00  0.00  0.00  0.00  1.00  2.50  5.25  3.25  3.25  0.75  1.00  1.00  0.50
 70  0.00  0.00  0.00  0.00  0.00  0.00  0.00  0.00  0.00  0.00  1.00  1.00  1.00  0.25  1.25  2.00  1.00  1.50  0.50
 71  0.00  0.00  0.00  0.00  0.00  0.00  0.00  0.00  0.00  0.00  0.00  0.50  0.00  0.75  0.75  0.50  0.00  0.50  1.00
 72  0.00  0.00  0.00  0.00  0.00  0.00  0.00  0.00  0.00  0.00  0.00  0.00  0.00  0.00  0.00  0.00  0.00  0.00  0.00
 73  0.00  0.00  0.00  0.00  0.00  0.00  0.00  0.00  0.00  0.00  0.00  1.00  0.00  0.00  0.00  0.00  0.00  0.00  0.00
